7.004145383834838867e-01 1.853431463241577148e+00
1.304690599441528320e+00 1.175332784652709961e+00
6.288974285125732422e-01 1.273668766021728516e+00
8.086240291595458984e-01 1.068662881851196289e+00
9.001860022544860840e-01 1.010821342468261719e+00
7.313660979270935059e-01 1.054455637931823730e+00
5.747217535972595215e-01 1.156713247299194336e+00
5.134391188621520996e-01 1.170300245285034180e+00
5.316790342330932617e-01 1.122959971427917480e+00
5.598915815353393555e-01 1.052112102508544922e+00
5.803846120834350586e-01 9.739388227462768555e-01
5.639421343803405762e-01 9.447276592254638672e-01
5.195497870445251465e-01 9.292728900909423828e-01
4.738308191299438477e-01 9.104800224304199219e-01
4.353198707103729248e-01 8.802676200866699219e-01
3.972336053848266602e-01 8.428926467895507812e-01
4.021761119365692139e-01 8.027880191802978516e-01
4.216057956218719482e-01 7.739114165306091309e-01
4.162412583827972412e-01 7.496030330657958984e-01
3.875004649162292480e-01 7.229285240173339844e-01
3.419050574302673340e-01 6.982049942016601562e-01
2.843858003616333008e-01 6.717786788940429688e-01
2.590095400810241699e-01 6.357980966567993164e-01
2.660002708435058594e-01 6.137001514434814453e-01
2.804333567619323730e-01 5.858382582664489746e-01
2.730802893638610840e-01 5.458935499191284180e-01
2.429488748311996460e-01 5.139725208282470703e-01
2.290774583816528320e-01 5.227035880088806152e-01
2.069679945707321167e-01 5.198003053665161133e-01
1.831565946340560913e-01 5.024383068084716797e-01
