1.276922941207885742e+00
1.240011692047119141e+00
9.512830972671508789e-01
9.386434555053710938e-01
9.555037021636962891e-01
8.929108381271362305e-01
8.657175302505493164e-01
8.418697118759155273e-01
8.273195028305053711e-01
8.060018420219421387e-01
7.771617174148559570e-01
7.543349266052246094e-01
7.244113683700561523e-01
6.921554207801818848e-01
6.577937602996826172e-01
6.200631260871887207e-01
6.024820804595947266e-01
5.977585911750793457e-01
5.829221606254577637e-01
5.552145242691040039e-01
5.200550556182861328e-01
4.780822396278381348e-01
4.474038183689117432e-01
4.398502111434936523e-01
4.331358075141906738e-01
4.094869196414947510e-01
3.784607052803039551e-01
3.758905231952667236e-01
3.633841574192047119e-01
3.427974581718444824e-01
