1.087247610092163086e+00
1.368658304214477539e+00
7.592253088951110840e-01
7.550883293151855469e-01
7.701714038848876953e-01
6.243003606796264648e-01
5.155344605445861816e-01
4.753715693950653076e-01
4.713250696659088135e-01
4.740310311317443848e-01
4.657498300075531006e-01
4.406819641590118408e-01
4.048804938793182373e-01
3.688589334487915039e-01
3.400821089744567871e-01
3.203188776969909668e-01
3.073468804359436035e-01
2.962654829025268555e-01
2.815738618373870850e-01
2.613832950592041016e-01
2.374206930398941040e-01
2.144135534763336182e-01
1.976503729820251465e-01
1.860456019639968872e-01
1.732271313667297363e-01
1.571993678808212280e-01
1.422062069177627563e-01
1.309997886419296265e-01
1.220440715551376343e-01
1.135707646608352661e-01
