6.412136554718017578e-01 1.533281564712524414e+00
1.893726706504821777e+00 8.435900211334228516e-01
4.931379258632659912e-01 1.025312662124633789e+00
8.180047273635864258e-01 6.921719312667846680e-01
1.003629088401794434e+00 5.367137193679809570e-01
6.816859245300292969e-01 5.669147372245788574e-01
4.058947563171386719e-01 6.251741647720336914e-01
3.155009150505065918e-01 6.352422237396240234e-01
3.425565361976623535e-01 6.000936031341552734e-01
3.993066251277923584e-01 5.487554073333740234e-01
4.264025688171386719e-01 5.050970911979675293e-01
4.027613997459411621e-01 4.786025285720825195e-01
3.439509272575378418e-01 4.658100605010986328e-01
2.803866863250732422e-01 4.573311805725097656e-01
2.338887453079223633e-01 4.462754726409912109e-01
2.106792032718658447e-01 4.299585223197937012e-01
2.062513232231140137e-01 4.084424674510955811e-01
2.082867026329040527e-01 3.842442929744720459e-01
2.025518417358398438e-01 3.605958819389343262e-01
1.835834383964538574e-01 3.391831517219543457e-01
1.551509797573089600e-01 3.196904063224792480e-01
1.275859922170639038e-01 3.012411296367645264e-01
1.121059879660606384e-01 2.831947505474090576e-01
1.071576178073883057e-01 2.649335861206054688e-01
1.007233485579490662e-01 2.457309216260910034e-01
8.840571343898773193e-02 2.259930223226547241e-01
7.601087540388107300e-02 2.084015309810638428e-01
6.686697900295257568e-02 1.951325982809066772e-01
5.943872779607772827e-02 1.846494078636169434e-01
5.320164561271667480e-02 1.739398837089538574e-01
