9.476161003112792969e-01 7.037524580955505371e-01
1.827221870422363281e+00 2.533864498138427734e+00
7.288187742233276367e-01 7.046123147010803223e-01
9.776610136032104492e-01 1.029927730560302734e+00
1.092150926589965820e+00 1.371865034103393555e+00
7.850465178489685059e-01 9.852246642112731934e-01
6.006816625595092773e-01 6.626579761505126953e-01
5.971525311470031738e-01 5.920217037200927734e-01
6.481147408485412598e-01 6.564830541610717773e-01
6.609775424003601074e-01 7.336500883102416992e-01
6.104599237442016602e-01 7.644113898277282715e-01
5.182815194129943848e-01 7.417820096015930176e-01
4.258086979389190674e-01 6.860505342483520508e-01
3.724845349788665771e-01 6.228620409965515137e-01
3.726568222045898438e-01 5.711849927902221680e-01
3.918890953063964844e-01 5.397286415100097656e-01
3.702382445335388184e-01 5.274194478988647461e-01
2.976696491241455078e-01 5.279636383056640625e-01
2.258688062429428101e-01 5.335323810577392578e-01
2.048391252756118774e-01 5.378809571266174316e-01
2.169620543718338013e-01 5.366457104682922363e-01
2.104710191488265991e-01 5.279116034507751465e-01
1.850714385509490967e-01 5.108622908592224121e-01
1.534383744001388550e-01 4.826142489910125732e-01
1.400422155857086182e-01 4.508410692214965820e-01
1.509985625743865967e-01 4.245597124099731445e-01
1.556054949760437012e-01 3.981678485870361328e-01
1.391613185405731201e-01 3.777406513690948486e-01
1.173318102955818176e-01 3.663641810417175293e-01
1.090203076601028442e-01 3.551391959190368652e-01
