9.214156866073608398e-01
1.855507850646972656e+00
9.854716062545776367e-01
9.673280119895935059e-01
1.167683243751525879e+00
8.941479325294494629e-01
7.610704302787780762e-01
8.395016193389892578e-01
9.289615750312805176e-01
9.844449162483215332e-01
9.874340295791625977e-01
9.475107192993164062e-01
8.789917230606079102e-01
8.092558979988098145e-01
7.718148231506347656e-01
7.389394044876098633e-01
7.004950046539306641e-01
6.476942896842956543e-01
6.000223159790039062e-01
5.836049914360046387e-01
5.892564058303833008e-01
5.712985396385192871e-01
5.446978807449340820e-01
5.248149633407592773e-01
5.315264463424682617e-01
5.535913109779357910e-01
5.595181584358215332e-01
5.465988516807556152e-01
5.289702415466308594e-01
5.226151943206787109e-01
