8.256843090057373047e-01
2.180543184280395508e+00
7.167155742645263672e-01
1.003794431686401367e+00
1.232007980346679688e+00
8.851355910301208496e-01
6.316698193550109863e-01
5.945870876312255859e-01
6.522989273071289062e-01
6.973137855529785156e-01
6.874356269836425781e-01
6.300317645072937012e-01
5.559296011924743652e-01
4.976732730865478516e-01
4.719209074974060059e-01
4.658088684082031250e-01
4.488288462162017822e-01
4.128166437149047852e-01
3.797006011009216309e-01
3.713600337505340576e-01
3.768038749694824219e-01
3.691913187503814697e-01
3.479668498039245605e-01
3.180263042449951172e-01
2.954416275024414062e-01
2.877791523933410645e-01
2.768866717815399170e-01
2.584509849548339844e-01
2.418479919433593750e-01
2.320797443389892578e-01
