9.016686081886291504e-01 9.411627054214477539e-01
1.201793313026428223e+00 2.509222269058227539e+00
7.802691459655761719e-01 1.190674066543579102e+00
8.220200538635253906e-01 1.112635970115661621e+00
8.547810912132263184e-01 1.480585336685180664e+00
7.358667850494384766e-01 1.052429080009460449e+00
6.916738152503967285e-01 8.304670453071594238e-01
7.079364061355590820e-01 9.710668921470642090e-01
7.240018844604492188e-01 1.133921265602111816e+00
7.259989976882934570e-01 1.242890834808349609e+00
6.961370110511779785e-01 1.278731107711791992e+00
6.395131945610046387e-01 1.255508184432983398e+00
5.665424466133117676e-01 1.191441059112548828e+00
5.117460489273071289e-01 1.106765747070312500e+00
5.231408476829528809e-01 1.020488739013671875e+00
5.403426885604858398e-01 9.375361800193786621e-01
5.285270214080810547e-01 8.724630475044250488e-01
4.663517177104949951e-01 8.290368318557739258e-01
3.934831321239471436e-01 8.065615296363830566e-01
3.688246309757232666e-01 7.983853220939636230e-01
3.879337906837463379e-01 7.905789613723754883e-01
3.622597157955169678e-01 7.803373336791992188e-01
3.160280883312225342e-01 7.733676433563232422e-01
2.811115384101867676e-01 7.685183882713317871e-01
2.936388552188873291e-01 7.694140672683715820e-01
3.326057493686676025e-01 7.745769023895263672e-01
3.411478698253631592e-01 7.778884768486022949e-01
3.131925463676452637e-01 7.800051569938659668e-01
2.704660892486572266e-01 7.874743938446044922e-01
2.524338066577911377e-01 7.927965521812438965e-01
