1.371389031410217285e+00 1.144260406494140625e+00
1.625915288925170898e+00 1.172665953636169434e+00
1.105882644653320312e+00 1.207691431045532227e+00
9.316456317901611328e-01 9.105002284049987793e-01
1.006719589233398438e+00 7.676853537559509277e-01
9.996840357780456543e-01 7.932376861572265625e-01
8.811519742012023926e-01 5.945969223976135254e-01
7.506834864616394043e-01 4.344162046909332275e-01
6.546730995178222656e-01 3.999518752098083496e-01
5.860828757286071777e-01 2.989797294139862061e-01
5.157878994941711426e-01 1.468476802110671997e-01
4.158215224742889404e-01 1.149054914712905884e-01
2.949140071868896484e-01 9.604108333587646484e-02
2.119947075843811035e-01 7.106205075979232788e-02
1.794442832469940186e-01 1.209490075707435608e-01
1.293626427650451660e-01 1.019207015633583069e-01
6.515386700630187988e-02 1.059048846364021301e-01
5.359679087996482849e-02 1.082275733351707458e-01
8.038237690925598145e-02 8.579096943140029907e-02
8.328133076429367065e-02 8.574154973030090332e-02
6.165060028433799744e-02 5.814386904239654541e-02
4.539636895060539246e-02 3.883003070950508118e-02
3.157339617609977722e-02 3.976280614733695984e-02
1.344038732349872589e-02 2.206467278301715851e-02
5.767288617789745331e-03 2.508913539350032806e-02
1.491861417889595032e-02 2.653483487665653229e-02
2.573976293206214905e-02 1.635502651333808899e-02
2.492921054363250732e-02 1.960685290396213531e-02
1.850418001413345337e-02 1.161318086087703705e-02
1.724372059106826782e-02 1.430801581591367722e-02
