1.159046769142150879e+00 1.426367282867431641e+00
9.774485826492309570e-01 1.230266928672790527e+00
9.019884467124938965e-01 1.570052266120910645e+00
9.486597180366516113e-01 1.236913323402404785e+00
9.863083362579345703e-01 1.073800444602966309e+00
9.798254370689392090e-01 1.087285280227661133e+00
9.198339581489562988e-01 9.811368584632873535e-01
8.542658090591430664e-01 8.589260578155517578e-01
7.976061105728149414e-01 8.391216397285461426e-01
7.304436564445495605e-01 7.175358533859252930e-01
6.760390996932983398e-01 4.849781394004821777e-01
6.055192947387695312e-01 5.157496333122253418e-01
4.937199056148529053e-01 4.666973650455474854e-01
3.996645510196685791e-01 4.215237796306610107e-01
4.271992146968841553e-01 4.701605439186096191e-01
3.459589779376983643e-01 4.240719377994537354e-01
2.069685012102127075e-01 4.285492002964019775e-01
2.144322544336318970e-01 4.255817830562591553e-01
2.672099173069000244e-01 3.456195890903472900e-01
2.577418386936187744e-01 3.278750479221343994e-01
2.225518822669982910e-01 2.598483264446258545e-01
1.769252270460128784e-01 2.775110602378845215e-01
1.458679884672164917e-01 3.037583827972412109e-01
9.527634084224700928e-02 1.944307833909988403e-01
6.285503506660461426e-02 2.335328757762908936e-01
9.462159126996994019e-02 2.501598894596099854e-01
1.209203675389289856e-01 1.492906659841537476e-01
1.207789182662963867e-01 1.535549163818359375e-01
1.152219548821449280e-01 1.435700654983520508e-01
1.312022805213928223e-01 1.468423902988433838e-01
