1.292706966400146484e+00
1.103857755661010742e+00
1.236020326614379883e+00
1.092786550521850586e+00
1.030054330825805664e+00
1.033555388450622559e+00
9.504854083061218262e-01
8.565959334373474121e-01
8.183639049530029297e-01
7.239897251129150391e-01
5.805085897445678711e-01
5.606344938278198242e-01
4.802086353302001953e-01
4.105941653251647949e-01
4.486798644065856934e-01
3.850154578685760498e-01
3.177588582038879395e-01
3.200070261955261230e-01
3.064147531986236572e-01
2.928084433078765869e-01
2.412001043558120728e-01
2.272181510925292969e-01
2.248131930828094482e-01
1.448535621166229248e-01
1.481939554214477539e-01
1.723907440900802612e-01
1.351055204868316650e-01
1.371669173240661621e-01
1.293960064649581909e-01
1.390223354101181030e-01
