1.257824659347534180e+00
1.399290561676025391e+00
1.156787037849426270e+00
9.210729598999023438e-01
8.872025012969970703e-01
8.964608907699584961e-01
7.378744482994079590e-01
5.925498604774475098e-01
5.273125171661376953e-01
4.425312876701354980e-01
3.313177824020385742e-01
2.653635144233703613e-01
1.954775452613830566e-01
1.415283828973770142e-01
1.501966416835784912e-01
1.156416684389114380e-01
8.552937209606170654e-02
8.091218024492263794e-02
8.308666944503784180e-02
8.451144397258758545e-02
5.989723652601242065e-02
4.211319983005523682e-02
3.566810116171836853e-02
1.775253005325794220e-02
1.542821153998374939e-02
2.072672545909881592e-02
2.104739472270011902e-02
2.226803079247474670e-02
1.505868043750524521e-02
1.577586866915225983e-02
